1, 436737.7351308950, 1284189.8696189499, 191.9436995553
3, 436646.4999796810, 1284308.6264847899, 192.7536115256
2, 436690.4648326510, 1284286.6418206200, 189.4647961744
7, 436729.7287572570, 1284265.0758645600, 192.6053471353
8, 436738.5929392830, 1284264.9447842699, 192.1742944930
9, 436747.7418854030, 1284266.0763811599, 192.3433063446
10, 436752.7251479030, 1284265.4714572700, 191.9653381767
11, 436760.1057198380, 1284271.8618273200, 192.4634584668
12, 436757.7081127170, 1284271.1175554600, 192.2204722810
13, 436764.6505147760, 1284269.3576223301, 192.4755163010
14, 436766.5678845370, 1284249.4646030399, 192.5206650597
15, 436769.3845192720, 1284230.9718427900, 192.6400187731
16, 436773.4570194930, 1284216.2540295401, 192.2766414994
17, 436773.6134284500, 1284194.9106229499, 191.4898157421
18, 436773.7862143090, 1284188.3432743901, 191.3805836834
19, 436773.7880195960, 1284188.3377704399, 191.3811679433
20, 436769.1426418980, 1284191.6460866099, 188.6148319429
21, 436769.6083079200, 1284201.5863690099, 188.4670440897
22, 436765.1315177440, 1284222.0628910901, 187.4360801794
23, 436760.3189878040, 1284244.4175255999, 186.1619723649
24, 436760.5485811760, 1284256.9597049800, 185.8948088977
25, 436760.7579329850, 1284261.8918192801, 185.8904273239
26, 436758.0331226260, 1284262.4945013500, 185.9370884385
27, 436740.7105452700, 1284259.1924076199, 186.0002534324
28, 436737.0568772780, 1284258.6033634299, 186.0582474542
29, 436726.7939078290, 1284259.2364043200, 186.1825485204
30, 436718.1757084240, 1284263.9742734600, 186.2764477120
31, 436722.9668490830, 1284258.4567894300, 185.3135377822
32, 436734.7998738550, 1284252.3478025601, 184.6924922271
33, 436743.5530958540, 1284247.8150442501, 184.9613143427
34, 436749.4386684310, 1284247.0230861600, 185.8047965767
35, 436737.6395278100, 1284252.6095259001, 185.6070450935
36, 436726.5165759720, 1284257.0685134600, 186.0428348340
37, 436747.7272018430, 1284238.4315914200, 185.6307013000
38, 436744.1390165340, 1284238.3273690599, 185.3109766085
39, 436742.1988534690, 1284232.7758597699, 183.3618653778
40, 436737.8901830830, 1284235.7753453599, 183.2304757044
41, 436744.1241093590, 1284224.2144149400, 182.3361283560
42, 436744.3556623460, 1284218.1718824401, 181.9328642375
43, 436746.5582982530, 1284209.5416551100, 182.4756842506
44, 436750.8694754560, 1284229.8861527101, 185.3278920506
45, 436750.9562879550, 1284231.8395895599, 186.3385935232
46, 436752.6648344830, 1284214.1236243299, 185.4113724149
47, 436755.7399028650, 1284213.6921074600, 187.7674984633
48, 436757.0677373860, 1284205.1134547000, 188.0971350175
49, 436753.5081128850, 1284204.3377180900, 185.3472045936
50, 436754.2991236600, 1284195.5688643500, 185.4374098038
51, 436758.7113328480, 1284194.3751770600, 188.6101941439
52, 436752.1029254980, 1284189.5378042900, 188.6525978208
53, 436750.6193287290, 1284182.8469760900, 191.9780536728
54, 436746.2034908310, 1284187.3773474300, 191.9030142566
55, 436740.6954943000, 1284190.0895011500, 191.8144913641
56, 436735.4959941420, 1284192.1484390399, 191.8007525412
57, 436723.9625667100, 1284197.6140314001, 191.9415395056
58, 436720.0214834090, 1284204.2528053401, 191.9555891665
59, 436715.8652797850, 1284209.3083410400, 192.1109403795
60, 436741.4956535930, 1284233.7399515100, 182.9680134923
61, 436727.7077472250, 1284241.4823558901, 182.0484841407
62, 436719.3100998260, 1284246.4180636399, 183.8634796714
63, 436711.1617126050, 1284252.9907803200, 184.8200021471
64, 436698.4675694760, 1284256.2958614100, 184.5752035190
65, 436693.5843631980, 1284251.2451433199, 185.0394334979
66, 436694.3552993510, 1284241.1495799699, 184.1724509107
67, 436697.6159189780, 1284234.5878787499, 184.2992527970
68, 436744.8000571260, 1284217.6484808601, 181.8703335988
69, 436746.5212721550, 1284209.9920824601, 181.8682014149
70, 436748.3673285780, 1284172.5891660000, 191.2481905031
71, 436754.9651345500, 1284173.0446845801, 190.3903345992
72, 436757.0427823730, 1284180.3800396200, 189.6745692979
73, 436763.9289883730, 1284174.5702024200, 189.9440451255
74, 436767.3151160550, 1284171.6650346799, 190.9559071827
75, 436760.2166930520, 1284162.3770509199, 190.6343085210
76, 436755.0150183730, 1284182.8909457901, 189.5910805027
77, 436713.9506480150, 1284210.1364096999, 192.1414278528
78, 436701.9685969300, 1284215.0424414100, 191.8096448079
79, 436690.3549048220, 1284215.5987547601, 191.4950454525
80, 436669.8428412930, 1284212.8916103500, 191.0124191267
81, 436709.6641642180, 1284199.0144642401, 191.6041608376
82, 436735.7252325850, 1284175.4163091599, 191.2983525926
83, 436738.8271362110, 1284231.1306712599, 179.4905084320
84, 436739.9147382940, 1284223.9137989299, 178.5030365769
85, 436732.0222858220, 1284228.7889209599, 178.8856605470
86, 436733.0481892040, 1284231.6961805900, 179.4547690361
87, 436725.0934998970, 1284236.6716731901, 178.7763503245
88, 436728.0511136580, 1284242.0277498600, 182.1205242554
89, 436730.9974177350, 1284243.1639602501, 184.6840801584
90, 436733.1331375250, 1284239.7899311399, 183.8020527079
91, 436735.7427941140, 1284236.5065454999, 183.4776019132
92, 436722.8292465330, 1284246.3156953999, 184.9596368805
93, 436718.3207342600, 1284238.4758156100, 178.7452177740
94, 436710.9098155260, 1284242.6504710801, 179.3485878680
95, 436701.6584392820, 1284247.0463054299, 179.3882949930
96, 436700.0680883550, 1284241.7094652201, 179.7585474993
97, 436703.1916408840, 1284234.3358636301, 179.8485850155
98, 436711.3546231610, 1284228.3156249800, 179.3445458958
99, 436722.6794530300, 1284218.7081979599, 178.2271301932
100, 436730.8433846820, 1284212.2529380999, 178.0480386654
101, 436742.7245228720, 1284210.7139417001, 178.4516085874
102, 436733.0583202610, 1284217.9885408899, 178.3272127634
103, 436721.3140268780, 1284228.8479916600, 178.3015303178
104, 436706.5519252110, 1284237.9766889799, 179.4525670004
105, 436726.9225522830, 1284260.3808476001, 186.3648076986
106, 436690.7713044100, 1284242.4833583799, 184.0852966770
107, 436689.5892646970, 1284242.8290164999, 185.6276870956
108, 436694.4242537430, 1284243.1777313200, 184.2715451268
109, 436693.7280449320, 1284244.1932196401, 184.9868317002
110, 436691.3561229600, 1284254.2932541601, 185.7872674934
111, 436696.2887909260, 1284264.3711156200, 185.7911381108
112, 436697.9286052370, 1284269.1919813701, 185.7279100178
113, 436711.7110836340, 1284260.8553563501, 185.9033241229
114, 436699.7891984620, 1284270.9089505901, 186.9847623235
115, 436692.8456994920, 1284270.1877014400, 188.7387091487
116, 436688.8679423040, 1284258.3056527199, 188.9648081385
117, 436688.3955072930, 1284246.2643893801, 188.8041205840
118, 436687.4334759260, 1284239.5159945600, 188.4006394815
119, 436699.3529480190, 1284288.3016938099, 187.0945957314
120, 436716.9942249210, 1284246.9371572100, 183.6904091466
121, 436671.0641665340, 1284221.0496304701, 191.4880163563
122, 436674.3543745600, 1284224.6481601000, 191.5808124187
123, 436675.4731081530, 1284227.9067194001, 191.7260065795
128, 436749.6021157840, 1284194.6504771200, 185.2403963616
129, 436744.6099442630, 1284195.7412241499, 185.2877488622
130, 436745.0147463590, 1284192.4117684399, 188.5732105570
131, 436736.3485635110, 1284197.2186765000, 187.8553295289
132, 436730.0606597560, 1284199.0597953200, 187.9885463390
133, 436724.0995532600, 1284207.2855459300, 187.9738336444
134, 436706.6245967520, 1284217.3831210500, 188.6117804636
135, 436700.8673779510, 1284218.3171189199, 189.1498170702
136, 436694.0469500460, 1284225.6325082600, 189.7771095902
137, 436692.6285149170, 1284229.1186128701, 188.6642030509
138, 436686.8463384770, 1284228.0310841301, 189.1987483928
139, 436683.9752507100, 1284223.1425297901, 190.0968517717
140, 436691.6299969960, 1284225.7406586600, 189.8820815772
141, 436708.2444012820, 1284221.9192642900, 184.1468611626
142, 436710.9133395110, 1284219.9207027301, 184.2604259069
143, 436714.2901436620, 1284216.9145916000, 183.7307240250
144, 436716.8680210020, 1284216.1429381999, 182.7339845500
145, 436725.6310871900, 1284210.0389807101, 182.2197377000
146, 436739.1474846050, 1284199.3047567201, 181.5016548588
147, 436748.5258668180, 1284203.2107184900, 181.6818015109
148, 436748.5030942340, 1284203.5840037900, 183.0290842668
149, 436746.4746307530, 1284200.1951607000, 182.7100794117
150, 436743.0224792260, 1284198.6955654100, 182.4582597288
151, 436742.7965317090, 1284202.0873766399, 178.5759538414
152, 436735.8306163630, 1284205.7401192901, 178.0388738659
153, 436701.9994885740, 1284221.6801331700, 185.0248158602
154, 436725.7246909340, 1284261.3645602900, 186.4887594110
155, 436727.7369374880, 1284262.7721510900, 189.7515012649
156, 436729.3046578010, 1284262.6795466200, 190.1612424701
157, 436745.3356914160, 1284291.9485901799, 190.2620269245
158, 436729.4600873450, 1284264.8197710300, 192.4358896217
159, 436732.2942209490, 1284278.2307078301, 192.2861516051
160, 436731.5907462000, 1284278.3833650199, 189.7029755417
161, 436727.9233783650, 1284279.2461138801, 189.5502973435
162, 436726.5571759950, 1284279.3715725599, 186.7961406492
163, 436735.0740836400, 1284290.3082338599, 191.9305862327
164, 436734.2159352900, 1284292.2203374801, 189.1942403394
165, 436727.7405788250, 1284294.1007384800, 189.1961068556
166, 436743.0831470690, 1284295.9718836299, 189.6649798977
167, 436745.7682148000, 1284292.6930484001, 192.0519864627
168, 436745.1465466880, 1284301.6371819200, 192.0048412283
169, 436740.8321358590, 1284300.3758300899, 189.8130658924
170, 436724.8573200240, 1284306.2938352400, 192.1235765635
171, 436723.4318114810, 1284304.7334937900, 189.5952720240
172, 436707.7271645230, 1284310.2784506101, 192.1771242870
173, 436708.1098178950, 1284309.1961094600, 189.2820399872
174, 436694.9077490810, 1284311.3165285001, 189.3149641344
175, 436691.1324155130, 1284310.0807218601, 189.2543391734
176, 436689.4104744100, 1284314.2522062999, 192.1789945386
177, 436685.7067366270, 1284304.1492188300, 191.5258697989
178, 436684.4346229860, 1284300.8607899200, 191.3687755140
179, 436680.5710890130, 1284299.3342813700, 191.4762190424
180, 436687.4026289060, 1284300.6808547799, 189.3235615145
181, 436682.7554435420, 1284295.5808697301, 189.8001368671
182, 436674.3915873310, 1284298.5811851600, 191.1200843607
183, 436679.3559768220, 1284287.6366362800, 189.7381439178
184, 436671.2588188850, 1284291.6211727799, 190.9496064740
185, 436667.8313363850, 1284281.6663510301, 190.9069478492
186, 436679.3252762700, 1284283.0089327700, 189.5547192638
187, 436670.0074305540, 1284276.8751530999, 189.3490943469
188, 436669.2939447420, 1284275.9490769000, 190.9212470134
189, 436668.3968765790, 1284269.5545014699, 191.1984917267
190, 436666.6148199890, 1284260.0232392100, 191.1858235664
191, 436668.0244238500, 1284244.5543803601, 191.6476384600
192, 436671.2443170530, 1284231.6594133500, 191.8644386467
193, 436675.2655030060, 1284229.0753200401, 191.5416433145
194, 436676.4297843410, 1284235.4039204300, 189.0503063203
195, 436677.0667692770, 1284227.9233307100, 190.0274855308
196, 436683.1210782100, 1284240.5416725001, 188.4933925851
197, 436673.3193618340, 1284239.3612195400, 188.9970415435
198, 436669.8394910770, 1284242.1932087999, 188.9848925288
199, 436669.3704729390, 1284254.1835422199, 188.9542686586
200, 436667.0869014240, 1284258.3507079401, 188.7392000020
201, 436669.1948236070, 1284269.0471630599, 188.8018947675
202, 436690.7382604810, 1284231.6617982599, 188.6637539072
203, 436688.4819708900, 1284234.6266940599, 188.6846163496
204, 436687.7385072540, 1284240.4659642300, 188.6173512941
205, 436688.5937753480, 1284246.7159880300, 188.7898336865
206, 436689.8987834860, 1284252.7259963099, 188.8930540003
207, 436688.6893566810, 1284259.1161238700, 188.8783542085
208, 436690.6389097400, 1284264.6249883100, 188.9377587154
209, 436692.0127066770, 1284266.6013653399, 189.0345037405
210, 436692.9257530990, 1284270.6852730201, 188.7423048949
211, 436694.4930006690, 1284272.6540444600, 187.8480991959
212, 436699.0863560750, 1284271.8792776000, 187.1455800516
213, 436703.7437761490, 1284268.6874026600, 186.7468221887
214, 436689.9680004650, 1284278.5791188700, 188.9353512186
215, 436690.1856528810, 1284283.8779113900, 189.2229939399
216, 436699.0623768310, 1284279.2323094700, 187.4123070802
217, 436694.1439060070, 1284282.2378731901, 188.4226323420
218, 436692.5938730420, 1284285.8198035399, 189.3123315833
219, 436694.9200387580, 1284288.1453195999, 189.3162571071
220, 436700.5406131010, 1284288.5360882001, 189.3519969757
221, 436716.3369978730, 1284291.5567671501, 189.2485495775
222, 436717.9535536260, 1284299.4736232499, 189.3567473836
223, 436708.7355827740, 1284280.8580657500, 186.4888820524
224, 436720.5496102740, 1284255.4081597400, 185.1194659069
225, 436694.8422631640, 1284294.3540038699, 189.3468970935
226, 436681.7673621790, 1284277.6810987201, 189.2673028803
227, 436681.5014876480, 1284260.4579727401, 188.8438006700
228, 436746.6029299910, 1284296.5081590400, 192.2087708846
229, 436695.2243897660, 1284282.1839999100, 187.1274658631
230, 436699.2842771460, 1284288.1053326000, 187.0638956494
231, 436727.3364031510, 1284292.3792817800, 186.7868211895
232, 436664.9321368210, 1284218.0121274299, 191.1153965357
233, 436671.3944268250, 1284221.9737052801, 191.5789849914
234, 436673.1947155480, 1284220.0220631100, 190.3722413138
235, 436675.1911295550, 1284224.0000085400, 190.4965575029
236, 436673.9473353280, 1284225.2574856901, 191.5940507300
237, 436681.3272029300, 1284215.6425076099, 190.5729784133
238, 436687.1789849520, 1284216.7508816100, 190.2335183472
239, 436693.4870800670, 1284217.0945884399, 189.9047668765
240, 436701.0310896270, 1284217.6397707700, 189.4447687026
241, 436693.9814007210, 1284225.4458834999, 189.8017941526
242, 436693.5719529840, 1284227.5889543500, 188.7543515523
243, 436670.0021472750, 1284297.8430347899, 192.1483523973
244, 436670.9308854460, 1284296.9916939500, 191.1863814209
245, 436674.2096513490, 1284300.1807478899, 191.2018915265
246, 436673.1821207900, 1284300.9485258199, 192.2823570861
247, 436673.0079236890, 1284300.6692043301, 191.8556894080
248, 436677.4448325270, 1284303.0801369201, 191.5601963739
249, 436679.7319655730, 1284309.2429746899, 191.5532093972
250, 436677.6391968470, 1284310.1210421100, 192.3316930576
251, 436681.6744762520, 1284315.9432538501, 191.6246715026
252, 436663.1895848600, 1284292.3090353699, 192.0301249760
253, 436668.9334909510, 1284291.1155741999, 191.2496920782
254, 436660.2993718590, 1284283.9526008600, 191.9417254809
255, 436659.9205910700, 1284282.6820734099, 191.0686580769
256, 436649.6090038060, 1284283.1634231801, 191.7701875994
257, 436649.9335836900, 1284284.8466352499, 192.0620548058
258, 436652.9103802450, 1284270.4582142399, 191.6695769863
259, 436654.9506119670, 1284273.6979937200, 191.1904494806
260, 436667.2837888770, 1284268.2976845300, 191.6320781118
261, 436667.7041172160, 1284272.7982826100, 190.9836873738
262, 436657.4772713350, 1284278.0852641601, 191.0023352762
269, 436607.8609999990, 1284478.6470000001, 190.1280000000
267, 436562.1200000000, 1284505.3380000000, 189.7670000000
